#! FIELDS time e
 0.500000 -11.675720
 1.000000 -10.030437
 1.500000 -11.023662
 2.000000 -11.923693
 2.500000 -10.902810
 3.000000 -11.239626
 3.500000 -11.088533
 4.000000 -11.497030
 4.500000 -11.379749
 5.000000 -11.014894
 5.500000 -11.373288
 6.000000 -11.686689
 6.500000 -11.664805
 7.000000 -11.886312
 7.500000 -11.069957
 8.000000 -10.812888
 8.500000 -10.852756
 9.000000 -10.466056
 9.500000 -9.881400
 10.000000 -10.650424
 10.500000 -10.621095
 11.000000 -8.725328
 11.500000 -9.439817
 12.000000 -9.445479
 12.500000 -10.443108
 13.000000 -10.355931
 13.500000 -10.156392
 14.000000 -10.338490
 14.500000 -9.283275
 15.000000 -9.957009
 15.500000 -9.334173
 16.000000 -9.380268
 16.500000 -8.340649
 17.000000 -10.058325
 17.500000 -8.768566
 18.000000 -10.419783
 18.500000 -10.219035
 19.000000 -9.768944
 19.500000 -9.642845
 20.000000 -9.998239
 20.500000 -9.688520
 21.000000 -10.003296
 21.500000 -9.486799
 22.000000 -9.836350
 22.500000 -9.381184
 23.000000 -9.740824
 23.500000 -10.438780
 24.000000 -10.043860
 24.500000 -9.116704
 25.000000 -8.546338
 25.500000 -8.904074
 26.000000 -8.493133
 26.500000 -8.997638
 27.000000 -9.365193
 27.500000 -9.316542
 28.000000 -8.986213
 28.500000 -9.035399
 29.000000 -8.879696
 29.500000 -9.213888
 30.000000 -8.946772
 30.500000 -9.953125
 31.000000 -10.475257
 31.500000 -10.477063
 32.000000 -10.320218
 32.500000 -10.365237
 33.000000 -10.041853
 33.500000 -10.134375
 34.000000 -9.810217
 34.500000 -9.840025
 35.000000 -9.197151
 35.500000 -9.696218
 36.000000 -10.230333
 36.500000 -10.248303
 37.000000 -9.797679
 37.500000 -8.460637
 38.000000 -9.302301
 38.500000 -8.029383
 39.000000 -9.616816
 39.500000 -9.393637
 40.000000 -10.735284
 40.500000 -8.929756
 41.000000 -9.299173
 41.500000 -8.726993
 42.000000 -8.511248
 42.500000 -9.402530
 43.000000 -9.491625
 43.500000 -9.610457
 44.000000 -9.257125
 44.500000 -8.965296
 45.000000 -9.797999
 45.500000 -9.669514
 46.000000 -9.128446
 46.500000 -8.730579
 47.000000 -8.721478
 47.500000 -8.622354
 48.000000 -7.766107
 48.500000 -6.263278
 49.000000 -8.140901
 49.500000 -9.460999
 50.000000 -9.752354
 50.500000 -9.983409
 51.000000 -9.158772
 51.500000 -9.896543
 52.000000 -9.424825
 52.500000 -9.678505
 53.000000 -9.959472
 53.500000 -9.237116
 54.000000 -9.347743
 54.500000 -9.481713
 55.000000 -9.892565
 55.500000 -9.379584
 56.000000 -9.679872
 56.500000 -9.220292
 57.000000 -10.057757
 57.500000 -9.129466
 58.000000 -9.317947
 58.500000 -9.556389
 59.000000 -10.334574
 59.500000 -9.907105
 60.000000 -10.241891
 60.500000 -10.014463
 61.000000 -9.466407
 61.500000 -10.007047
 62.000000 -9.081557
 62.500000 -9.452104
 63.000000 -9.371356
 63.500000 -9.547382
 64.000000 -9.334774
 64.500000 -9.461178
 65.000000 -9.926060
 65.500000 -9.272682
 66.000000 -9.371051
 66.500000 -9.717175
 67.000000 -10.005102
 67.500000 -10.628865
 68.000000 -9.875378
 68.500000 -9.437673
 69.000000 -9.680144
 69.500000 -8.432165
 70.000000 -9.301420
 70.500000 -8.781528
 71.000000 -9.956392
 71.500000 -9.114603
 72.000000 -8.732980
 72.500000 -10.930164
 73.000000 -10.186653
 73.500000 -10.896487
 74.000000 -10.653397
 74.500000 -9.966992
 75.000000 -10.060710
 75.500000 -9.932526
 76.000000 -9.744885
 76.500000 -9.672192
 77.000000 -8.658982
 77.500000 -9.173680
 78.000000 -10.198783
 78.500000 -10.145069
 79.000000 -9.710347
 79.500000 -9.073999
 80.000000 -8.921187
 80.500000 -9.011036
 81.000000 -8.945968
 81.500000 -8.830122
 82.000000 -8.514831
 82.500000 -9.336587
 83.000000 -10.086473
 83.500000 -9.926423
 84.000000 -9.101990
 84.500000 -10.114293
 85.000000 -9.852592
 85.500000 -9.696823
 86.000000 -8.769787
 86.500000 -9.777578
 87.000000 -9.163171
 87.500000 -9.569946
 88.000000 -9.387186
 88.500000 -9.494546
 89.000000 -9.449121
 89.500000 -9.091633
 90.000000 -8.642094
 90.500000 -9.433811
 91.000000 -9.997072
 91.500000 -9.902454
 92.000000 -9.395372
 92.500000 -9.367650
 93.000000 -9.805914
 93.500000 -10.241141
 94.000000 -9.815804
 94.500000 -9.901013
 95.000000 -10.222639
 95.500000 -10.290557
 96.000000 -9.658309
 96.500000 -9.808211
 97.000000 -9.306278
 97.500000 -8.558822
 98.000000 -9.926645
 98.500000 -9.536604
 99.000000 -9.679094
 99.500000 -9.328011
 100.000000 -9.430406
 100.500000 -10.312182
 101.000000 -8.620968
 101.500000 -9.364755
 102.000000 -9.192826
 102.500000 -8.582482
 103.000000 -8.370061
 103.500000 -8.143099
 104.000000 -8.850170
 104.500000 -8.527512
 105.000000 -8.739220
 105.500000 -9.961089
 106.000000 -8.848171
 106.500000 -9.102598
 107.000000 -9.097669
 107.500000 -7.906395
 108.000000 -9.248386
 108.500000 -8.215442
 109.000000 -8.913501
 109.500000 -10.722792
 110.000000 -9.619044
 110.500000 -9.869194
 111.000000 -10.055883
 111.500000 -9.563319
 112.000000 -10.421389
 112.500000 -10.424028
 113.000000 -11.029544
 113.500000 -11.039184
 114.000000 -11.358015
 114.500000 -11.576542
 115.000000 -10.535322
 115.500000 -11.699303
 116.000000 -11.037598
 116.500000 -10.607331
 117.000000 -9.690356
 117.500000 -10.395608
 118.000000 -11.209354
 118.500000 -11.224827
 119.000000 -10.155610
 119.500000 -10.343061
 120.000000 -11.058666
 120.500000 -11.348142
 121.000000 -11.558869
 121.500000 -11.313814
 122.000000 -11.006547
 122.500000 -10.895232
 123.000000 -11.171216
 123.500000 -9.922190
 124.000000 -10.300476
 124.500000 -11.351005
 125.000000 -10.101758
 125.500000 -10.346567
 126.000000 -10.480896
 126.500000 -9.557404
 127.000000 -9.674406
 127.500000 -10.045085
 128.000000 -11.274685
 128.500000 -10.703485
 129.000000 -10.506043
 129.500000 -10.431780
 130.000000 -10.066460
 130.500000 -9.864070
 131.000000 -11.291432
 131.500000 -10.134169
 132.000000 -11.187915
 132.500000 -10.434542
 133.000000 -10.320543
 133.500000 -10.475654
 134.000000 -10.748499
 134.500000 -10.820730
 135.000000 -10.982011
 135.500000 -10.415416
 136.000000 -9.659396
 136.500000 -10.266285
 137.000000 -10.729019
 137.500000 -9.823437
 138.000000 -9.942914
 138.500000 -9.232650
 139.000000 -9.543811
 139.500000 -8.959708
 140.000000 -8.853632
 140.500000 -8.290109
 141.000000 -8.564288
 141.500000 -8.449056
 142.000000 -7.893347
 142.500000 -8.864165
 143.000000 -8.873430
 143.500000 -8.588543
 144.000000 -9.989443
 144.500000 -9.352480
 145.000000 -9.179366
 145.500000 -10.404272
 146.000000 -9.883525
 146.500000 -9.545717
 147.000000 -9.748425
 147.500000 -10.103216
 148.000000 -9.858225
 148.500000 -9.643267
 149.000000 -8.720570
 149.500000 -10.260529
 150.000000 -8.626058
 150.500000 -8.552253
 151.000000 -9.205373
 151.500000 -10.057996
 152.000000 -9.935197
 152.500000 -10.096970
 153.000000 -9.588262
 153.500000 -10.717230
 154.000000 -9.839439
 154.500000 -9.656515
 155.000000 -9.904284
 155.500000 -10.411220
 156.000000 -9.688070
 156.500000 -10.159175
 157.000000 -9.599920
 157.500000 -8.918598
 158.000000 -9.181596
 158.500000 -10.183791
 159.000000 -10.157570
 159.500000 -10.506864
 160.000000 -9.487892
 160.500000 -9.388848
 161.000000 -8.966258
 161.500000 -8.463050
 162.000000 -8.178153
 162.500000 -8.224528
 163.000000 -9.258950
 163.500000 -8.724911
 164.000000 -8.156032
 164.500000 -9.824513
 165.000000 -7.505761
 165.500000 -9.441809
 166.000000 -8.893779
 166.500000 -9.221551
 167.000000 -9.238775
 167.500000 -9.276151
 168.000000 -9.066112
 168.500000 -9.369512
 169.000000 -9.947825
 169.500000 -9.914465
 170.000000 -9.684281
 170.500000 -9.269657
 171.000000 -8.996075
 171.500000 -9.884314
 172.000000 -8.595079
 172.500000 -8.835022
 173.000000 -9.392946
 173.500000 -8.343972
 174.000000 -10.004423
 174.500000 -9.393299
 175.000000 -9.198744
 175.500000 -9.384540
 176.000000 -9.714131
 176.500000 -10.349131
 177.000000 -10.001525
 177.500000 -9.579909
 178.000000 -9.974732
 178.500000 -9.427718
 179.000000 -9.967523
 179.500000 -10.575635
 180.000000 -10.266231
 180.500000 -9.970864
 181.000000 -9.924643
 181.500000 -10.442571
 182.000000 -9.985787
 182.500000 -9.831077
 183.000000 -10.418045
 183.500000 -10.472717
 184.000000 -9.537317
 184.500000 -10.292713
 185.000000 -10.035984
 185.500000 -10.664267
 186.000000 -9.961942
 186.500000 -10.045629
 187.000000 -9.936199
 187.500000 -10.067732
 188.000000 -10.280060
 188.500000 -10.106312
 189.000000 -10.399348
 189.500000 -10.672756
 190.000000 -10.253558
 190.500000 -9.262936
 191.000000 -10.287342
 191.500000 -8.452144
 192.000000 -8.829487
 192.500000 -9.798412
 193.000000 -9.595147
 193.500000 -9.878408
 194.000000 -9.634424
 194.500000 -9.901966
 195.000000 -8.622580
 195.500000 -8.821235
 196.000000 -10.564738
 196.500000 -10.127676
 197.000000 -11.444581
 197.500000 -10.504985
 198.000000 -10.580752
 198.500000 -11.191422
 199.000000 -10.453571
 199.500000 -11.031423
 200.000000 -10.277764
 200.500000 -10.237421
 201.000000 -10.534077
 201.500000 -10.705641
 202.000000 -10.458574
 202.500000 -10.358833
 203.000000 -10.761036
 203.500000 -10.411833
 204.000000 -10.040594
 204.500000 -10.640537
 205.000000 -10.772517
 205.500000 -10.845364
 206.000000 -10.208676
 206.500000 -8.562169
 207.000000 -9.979853
 207.500000 -9.642710
 208.000000 -8.868663
 208.500000 -10.542760
 209.000000 -10.148916
 209.500000 -10.284426
 210.000000 -9.877783
 210.500000 -10.227929
 211.000000 -10.277940
 211.500000 -10.453979
 212.000000 -9.853230
 212.500000 -9.929103
 213.000000 -10.357298
 213.500000 -11.005990
 214.000000 -10.918662
 214.500000 -10.457542
 215.000000 -10.797437
 215.500000 -11.185620
 216.000000 -11.478216
 216.500000 -11.496056
 217.000000 -11.109154
 217.500000 -11.135584
 218.000000 -11.601520
 218.500000 -11.194054
 219.000000 -10.565020
 219.500000 -10.723785
 220.000000 -11.075343
 220.500000 -11.483918
 221.000000 -10.580690
 221.500000 -11.460682
 222.000000 -11.440483
 222.500000 -11.527953
 223.000000 -11.649051
 223.500000 -11.181783
 224.000000 -11.117199
 224.500000 -11.071912
 225.000000 -10.477594
 225.500000 -9.915575
 226.000000 -11.427408
 226.500000 -11.563476
 227.000000 -11.163050
 227.500000 -11.425615
 228.000000 -10.885598
 228.500000 -10.736946
 229.000000 -11.593878
 229.500000 -11.377453
 230.000000 -11.495661
 230.500000 -11.814393
 231.000000 -11.139803
 231.500000 -10.943806
 232.000000 -11.092420
 232.500000 -10.345675
 233.000000 -10.321098
 233.500000 -11.849234
 234.000000 -10.301404
 234.500000 -10.157060
 235.000000 -11.397617
 235.500000 -10.953930
 236.000000 -10.643801
 236.500000 -11.155403
 237.000000 -10.721155
 237.500000 -11.307675
 238.000000 -10.869713
 238.500000 -11.202873
 239.000000 -11.291570
 239.500000 -11.339574
 240.000000 -10.593443
 240.500000 -11.604840
 241.000000 -11.333138
 241.500000 -11.026111
 242.000000 -10.981879
 242.500000 -10.339188
 243.000000 -11.867888
 243.500000 -11.264522
 244.000000 -10.402201
 244.500000 -10.673636
 245.000000 -10.278859
 245.500000 -10.876298
 246.000000 -9.771415
 246.500000 -11.305493
 247.000000 -9.916579
 247.500000 -11.404790
 248.000000 -11.011471
 248.500000 -11.463097
 249.000000 -11.780500
 249.500000 -12.049924
 250.000000 -11.436185
 250.500000 -10.936539
 251.000000 -11.450337
 251.500000 -11.637319
 252.000000 -11.133308
 252.500000 -10.981320
 253.000000 -10.839299
 253.500000 -10.631357
 254.000000 -11.211529
 254.500000 -10.071659
 255.000000 -11.121606
 255.500000 -11.571862
 256.000000 -10.178877
 256.500000 -11.257040
 257.000000 -11.173925
 257.500000 -10.692785
 258.000000 -11.096305
 258.500000 -9.867833
 259.000000 -9.683034
 259.500000 -10.252864
 260.000000 -9.557073
 260.500000 -8.948444
 261.000000 -9.960323
 261.500000 -9.685579
 262.000000 -10.582139
 262.500000 -9.481536
 263.000000 -9.563210
 263.500000 -9.690611
 264.000000 -10.227950
 264.500000 -9.273986
 265.000000 -10.363811
 265.500000 -9.663742
 266.000000 -8.983444
 266.500000 -10.240097
 267.000000 -10.131080
 267.500000 -10.170959
 268.000000 -9.246073
 268.500000 -8.736481
 269.000000 -7.555764
 269.500000 -6.271160
 270.000000 -6.965819
 270.500000 -7.444757
 271.000000 -8.550957
 271.500000 -9.202629
 272.000000 -9.012771
 272.500000 -9.096781
 273.000000 -8.825458
 273.500000 -8.462065
 274.000000 -8.905002
 274.500000 -9.285207
 275.000000 -8.609601
 275.500000 -8.756726
 276.000000 -9.020758
 276.500000 -9.947128
 277.000000 -9.010473
 277.500000 -8.766630
 278.000000 -9.032319
 278.500000 -9.615748
 279.000000 -9.390836
 279.500000 -10.456846
 280.000000 -9.258995
 280.500000 -9.706456
 281.000000 -11.099702
 281.500000 -10.678431
 282.000000 -10.633798
 282.500000 -9.655821
 283.000000 -9.440197
 283.500000 -9.301668
 284.000000 -8.829973
 284.500000 -8.752474
 285.000000 -8.683929
 285.500000 -8.756736
 286.000000 -9.335433
 286.500000 -9.515753
 287.000000 -9.789691
 287.500000 -9.823992
 288.000000 -9.733224
 288.500000 -10.220807
 289.000000 -10.094920
 289.500000 -9.938386
 290.000000 -9.908389
 290.500000 -9.386993
 291.000000 -9.784377
 291.500000 -9.297414
 292.000000 -10.027781
 292.500000 -9.795888
 293.000000 -9.710171
 293.500000 -10.488897
 294.000000 -10.266182
 294.500000 -9.493392
 295.000000 -9.043150
 295.500000 -9.110044
 296.000000 -7.747532
 296.500000 -7.717565
 297.000000 -6.599990
 297.500000 -8.053091
 298.000000 -7.312549
 298.500000 -8.704101
 299.000000 -9.819932
 299.500000 -9.638992
 300.000000 -10.145868
 300.500000 -10.137661
 301.000000 -9.611487
 301.500000 -9.391635
 302.000000 -9.846389
 302.500000 -9.308699
 303.000000 -8.865177
 303.500000 -8.500532
 304.000000 -9.657980
 304.500000 -9.453651
 305.000000 -9.501061
 305.500000 -8.888027
 306.000000 -9.407487
 306.500000 -8.792839
 307.000000 -8.924119
 307.500000 -9.119671
 308.000000 -9.156818
 308.500000 -9.276910
 309.000000 -9.593406
 309.500000 -9.147229
 310.000000 -9.415286
 310.500000 -9.187361
 311.000000 -9.419879
 311.500000 -9.674305
 312.000000 -9.135214
 312.500000 -8.892686
 313.000000 -9.756940
 313.500000 -8.898188
 314.000000 -9.264687
 314.500000 -8.499772
 315.000000 -8.530289
 315.500000 -9.076896
 316.000000 -9.292373
 316.500000 -8.992374
 317.000000 -7.611320
 317.500000 -8.317677
 318.000000 -10.894351
 318.500000 -9.519306
 319.000000 -10.359568
 319.500000 -9.980479
 320.000000 -10.729415
 320.500000 -10.313238
 321.000000 -11.339350
 321.500000 -10.843521
 322.000000 -10.661229
 322.500000 -11.750181
 323.000000 -11.252593
 323.500000 -11.086940
 324.000000 -11.685350
 324.500000 -11.366162
 325.000000 -10.963050
 325.500000 -10.716223
 326.000000 -10.262002
 326.500000 -10.141374
 327.000000 -9.662415
 327.500000 -10.414889
 328.000000 -9.367852
 328.500000 -10.728958
 329.000000 -10.041653
 329.500000 -10.110823
 330.000000 -10.690363
 330.500000 -9.687027
 331.000000 -10.109809
 331.500000 -10.896515
 332.000000 -10.351094
 332.500000 -10.528063
 333.000000 -9.957326
 333.500000 -9.495965
 334.000000 -9.921015
 334.500000 -9.983931
 335.000000 -10.192682
 335.500000 -9.828371
 336.000000 -10.815968
 336.500000 -10.496911
 337.000000 -10.750090
 337.500000 -10.191944
 338.000000 -11.413654
 338.500000 -10.760728
 339.000000 -11.670325
 339.500000 -11.022696
 340.000000 -11.045520
 340.500000 -11.026071
 341.000000 -11.232725
 341.500000 -10.728845
 342.000000 -11.522697
 342.500000 -10.716390
 343.000000 -11.542251
 343.500000 -10.471061
 344.000000 -10.976143
 344.500000 -11.222217
 345.000000 -10.945217
 345.500000 -11.383339
 346.000000 -10.700160
 346.500000 -10.590968
 347.000000 -9.548874
 347.500000 -10.289647
 348.000000 -10.166804
 348.500000 -10.059663
 349.000000 -10.343668
 349.500000 -10.182793
 350.000000 -10.344882
 350.500000 -10.273301
 351.000000 -9.907786
 351.500000 -10.139004
 352.000000 -10.579141
 352.500000 -11.482621
 353.000000 -10.404486
 353.500000 -10.505084
 354.000000 -11.512756
 354.500000 -10.782555
 355.000000 -10.851533
 355.500000 -11.306063
 356.000000 -10.428974
 356.500000 -11.357941
 357.000000 -10.400180
 357.500000 -10.611551
 358.000000 -11.793710
 358.500000 -10.529387
 359.000000 -10.642027
 359.500000 -9.943466
 360.000000 -9.444464
 360.500000 -10.976082
 361.000000 -10.305685
 361.500000 -11.356253
 362.000000 -10.183650
 362.500000 -11.384946
 363.000000 -10.716987
 363.500000 -10.370375
 364.000000 -10.310759
 364.500000 -10.111674
 365.000000 -10.313169
 365.500000 -11.466591
 366.000000 -10.920367
 366.500000 -10.959774
 367.000000 -10.109607
 367.500000 -11.011612
 368.000000 -10.611922
 368.500000 -11.164035
 369.000000 -11.015474
 369.500000 -11.325716
 370.000000 -11.435787
 370.500000 -11.696184
 371.000000 -10.916411
 371.500000 -10.828538
 372.000000 -10.411522
 372.500000 -10.691738
 373.000000 -10.146374
 373.500000 -10.302634
 374.000000 -11.276585
 374.500000 -10.807974
 375.000000 -10.471470
 375.500000 -9.990168
 376.000000 -11.081155
 376.500000 -11.303769
 377.000000 -11.080738
 377.500000 -11.254551
 378.000000 -11.273357
 378.500000 -11.510185
 379.000000 -11.346365
 379.500000 -11.786774
 380.000000 -10.138374
 380.500000 -9.869703
 381.000000 -10.474923
 381.500000 -10.799421
 382.000000 -10.215475
 382.500000 -10.535665
 383.000000 -11.434587
 383.500000 -11.072340
 384.000000 -9.676630
 384.500000 -10.308213
 385.000000 -9.137724
 385.500000 -10.135259
 386.000000 -9.901575
 386.500000 -11.043566
 387.000000 -10.587694
 387.500000 -11.334463
 388.000000 -11.153960
 388.500000 -11.541522
 389.000000 -10.033325
 389.500000 -9.464133
 390.000000 -9.663716
 390.500000 -9.174246
 391.000000 -9.241009
 391.500000 -10.659774
 392.000000 -10.692843
 392.500000 -10.608928
 393.000000 -10.561622
 393.500000 -11.171759
 394.000000 -10.076858
 394.500000 -9.560185
 395.000000 -9.401401
 395.500000 -9.886500
 396.000000 -9.969266
 396.500000 -10.107682
 397.000000 -10.312196
 397.500000 -9.571733
 398.000000 -10.076295
 398.500000 -9.600275
 399.000000 -9.461918
 399.500000 -10.458607
 400.000000 -9.708384
 400.500000 -9.971317
 401.000000 -10.492626
 401.500000 -10.487642
 402.000000 -9.551110
 402.500000 -9.813896
 403.000000 -10.658158
 403.500000 -10.094789
 404.000000 -9.817325
 404.500000 -10.552305
 405.000000 -11.643405
 405.500000 -11.041599
 406.000000 -11.283347
 406.500000 -10.516054
 407.000000 -9.831602
 407.500000 -9.970477
 408.000000 -10.719128
 408.500000 -10.268015
 409.000000 -11.215012
 409.500000 -10.674223
 410.000000 -9.933636
 410.500000 -10.144531
 411.000000 -10.352315
 411.500000 -9.937006
 412.000000 -9.572891
 412.500000 -9.583668
 413.000000 -10.030469
 413.500000 -10.170901
 414.000000 -10.334287
 414.500000 -8.830590
 415.000000 -9.449277
 415.500000 -9.412097
 416.000000 -10.276317
 416.500000 -10.092021
 417.000000 -9.599376
 417.500000 -9.304213
 418.000000 -7.415193
 418.500000 -8.523955
 419.000000 -7.853144
 419.500000 -8.924128
 420.000000 -8.253106
 420.500000 -8.562073
 421.000000 -8.128196
 421.500000 -9.184649
 422.000000 -8.439820
 422.500000 -8.483681
 423.000000 -8.340336
 423.500000 -9.001510
 424.000000 -9.226922
 424.500000 -8.478067
 425.000000 -9.423257
 425.500000 -9.623161
 426.000000 -9.478015
 426.500000 -10.001493
 427.000000 -9.506650
 427.500000 -10.191678
 428.000000 -9.976551
 428.500000 -10.275800
 429.000000 -9.337225
 429.500000 -9.229991
 430.000000 -10.496148
 430.500000 -10.316100
 431.000000 -10.724912
 431.500000 -11.279409
 432.000000 -11.233476
 432.500000 -10.831743
 433.000000 -11.201694
 433.500000 -11.272050
 434.000000 -11.742528
 434.500000 -10.957140
 435.000000 -10.906283
 435.500000 -11.111109
 436.000000 -11.081568
 436.500000 -11.212698
 437.000000 -9.162470
 437.500000 -10.599545
 438.000000 -9.459228
 438.500000 -9.182183
 439.000000 -8.789418
 439.500000 -8.190506
 440.000000 -8.470839
 440.500000 -9.455975
 441.000000 -9.444469
 441.500000 -9.810264
 442.000000 -9.987789
 442.500000 -9.512940
 443.000000 -9.804878
 443.500000 -9.987996
 444.000000 -10.617442
 444.500000 -10.136639
 445.000000 -9.750004
 445.500000 -10.268169
 446.000000 -10.287629
 446.500000 -10.316561
 447.000000 -10.670947
 447.500000 -9.933551
 448.000000 -9.426679
 448.500000 -9.686069
 449.000000 -8.612891
 449.500000 -9.787866
 450.000000 -10.631470
 450.500000 -10.323167
 451.000000 -10.543406
 451.500000 -10.380493
 452.000000 -9.204377
 452.500000 -9.062274
 453.000000 -9.498754
 453.500000 -10.188938
 454.000000 -9.946391
 454.500000 -9.796016
 455.000000 -10.185405
 455.500000 -10.605565
 456.000000 -9.890291
 456.500000 -10.440594
 457.000000 -9.323559
 457.500000 -10.450200
 458.000000 -9.332256
 458.500000 -9.785596
 459.000000 -9.149970
 459.500000 -9.892416
 460.000000 -9.589218
 460.500000 -9.808495
 461.000000 -9.740493
 461.500000 -9.120625
 462.000000 -9.612841
 462.500000 -9.651156
 463.000000 -9.467857
 463.500000 -10.132693
 464.000000 -9.231061
 464.500000 -9.768400
 465.000000 -10.004066
 465.500000 -10.443208
 466.000000 -10.323159
 466.500000 -9.479577
 467.000000 -9.923294
 467.500000 -9.665451
 468.000000 -10.235537
 468.500000 -9.915888
 469.000000 -9.569809
 469.500000 -8.858822
 470.000000 -9.396069
 470.500000 -9.395690
 471.000000 -9.365413
 471.500000 -8.434650
 472.000000 -9.238045
 472.500000 -8.579061
 473.000000 -9.122626
 473.500000 -8.207106
 474.000000 -9.230716
 474.500000 -7.918410
 475.000000 -8.801102
 475.500000 -8.634818
 476.000000 -9.578875
 476.500000 -9.551507
 477.000000 -9.506252
 477.500000 -8.743107
 478.000000 -9.354448
 478.500000 -9.096433
 479.000000 -9.557128
 479.500000 -8.547394
 480.000000 -8.861563
 480.500000 -9.161128
 481.000000 -8.442529
 481.500000 -9.014919
 482.000000 -8.447948
 482.500000 -8.000565
 483.000000 -7.468645
 483.500000 -8.970128
 484.000000 -7.198934
 484.500000 -7.853472
 485.000000 -8.115566
 485.500000 -9.525591
 486.000000 -10.026258
 486.500000 -9.837972
 487.000000 -10.012635
 487.500000 -10.758982
 488.000000 -10.147627
 488.500000 -10.248353
 489.000000 -9.826457
 489.500000 -9.404788
 490.000000 -10.492177
 490.500000 -10.289342
 491.000000 -9.992315
 491.500000 -10.436793
 492.000000 -10.156534
 492.500000 -10.424571
 493.000000 -9.500037
 493.500000 -10.118491
 494.000000 -10.006991
 494.500000 -9.987845
 495.000000 -9.751480
 495.500000 -8.608711
 496.000000 -8.973368
 496.500000 -8.675206
 497.000000 -9.292585
 497.500000 -8.781037
 498.000000 -8.715670
 498.500000 -9.742408
 499.000000 -9.153965
 499.500000 -9.838392
 500.000000 -9.088515
